1 1
2 4
3 4
4 4
5 3
6 1
7 2
8 1
9 3
10 4
11 2
12 1
13 3
14 4
15 2
16 3
17 4
18 4
19 2
20 1
21 3
22 3
23 3
24 1
25 2
26 4
27 4
28 2
29 2
30 1
31 2
32 4
33 3
34 3
35 3
36 3
37 3
38 3
39 1
40 2
41 3
42 4
43 3
44 2
45 4
46 4
47 1
48 1
49 1
50 4
51 2
52 1
53 4
54 4
55 1
56 2
57 1
58 3
59 4
60 4
61 1
62 1
63 2
64 4
65 1
66 3
67 1
68 3
69 3
70 4
71 1
72 2
73 1
74 4
75 4
76 2
77 1
78 2
79 2
80 1
81 1
82 1
83 2
84 2
85 1
86 1
87 2
88 2
89 4
90 1
91 3
92 2
93 4
94 3
95 4
96 4
97 3
98 2
99 3
100 4
101 3
102 3
103 3
104 2
105 3
106 3
107 3
108 4
109 2
110 1
111 2
112 4
113 2
114 4
115 1
116 2
117 3
118 4
119 1
120 2
121 3
122 3
123 2
124 1
125 2
126 2
127 4
128 1
