1 1
2 3
3 3
4 3
5 4
6 1
7 2
8 1
9 4
10 3
11 2
12 1
13 4
14 3
15 2
16 4
17 3
18 3
19 2
20 1
21 4
22 4
23 4
24 1
25 2
26 3
27 3
28 2
29 2
30 1
31 2
32 3
33 4
34 4
35 4
36 4
37 4
38 4
39 1
40 2
41 4
42 3
43 4
44 2
45 3
46 3
47 1
48 1
49 1
50 3
51 2
52 1
53 3
54 3
55 1
56 2
57 1
58 4
59 3
60 3
61 1
62 1
63 2
64 3
65 1
66 4
67 1
68 4
69 4
70 3
71 1
72 2
73 1
74 3
75 3
76 2
77 1
78 2
79 2
80 1
81 1
82 1
83 2
84 2
85 1
86 1
87 2
88 2
89 3
90 1
91 3
92 2
93 3
94 4
95 3
96 3
97 4
98 2
99 4
100 3
101 4
102 4
103 4
104 2
105 4
106 4
107 4
108 3
109 2
110 1
111 2
112 3
113 2
114 3
115 1
116 2
117 4
118 3
119 1
120 2
121 4
122 3
123 2
124 1
125 2
126 2
127 3
128 1
