1 7
2 4
3 1
4 5
5 2
6 5
7 8
8 7
9 7
10 4
11 4
12 3
13 5
14 1
15 2
16 5
17 7
18 5
19 4
20 1
21 1
22 4
23 8
24 5
25 7
26 7
27 4
28 5
29 7
30 5
31 8
32 1
33 7
34 2
35 2
36 5
37 1
38 8
39 8
40 8
41 8
42 1
43 5
44 4
45 2
46 7
47 7
48 8
49 1
50 8
51 4
52 1
53 8
54 5
55 5
56 3
57 2
58 7
59 2
60 2
61 7
62 5
63 4
64 5
65 8
66 1
67 5
68 2
69 4
70 1
71 2
72 5
73 2
74 1
75 5
76 5
77 4
78 4
79 5
80 4
81 6
82 2
83 7
84 4
85 4
86 1
87 7
88 4
89 5
90 5
91 1
92 7
93 2
94 5
95 5
96 2
97 7
98 8
99 1
100 7
101 1
102 2
103 7
104 1
105 5
106 8
107 7
108 8
109 2
110 5
111 2
112 4
113 4
114 4
115 2
116 3
117 1
118 4
119 5
120 1
121 5
122 5
123 2
124 1
125 5
126 2
127 1
128 4
