1 2
2 4
3 1
4 4
5 1
6 3
7 2
8 2
9 2
10 1
11 3
12 4
13 4
14 4
15 4
16 3
17 2
18 2
19 1
20 3
21 2
22 2
23 4
24 4
25 1
26 1
27 2
28 4
29 1
30 1
31 4
32 3
33 2
34 3
35 2
36 1
37 4
38 4
39 1
40 2
41 1
42 1
43 4
44 1
45 3
46 2
47 2
48 4
49 3
50 2
51 2
52 2
53 2
54 4
55 3
56 3
57 3
58 3
59 3
60 3
61 4
62 3
63 2
64 3
65 2
66 3
67 3
68 4
69 3
70 1
71 4
72 2
73 4
74 2
75 3
76 2
77 3
78 1
79 3
80 1
81 4
82 4
83 4
84 2
85 1
86 1
87 4
88 2
89 1
90 1
91 1
92 1
93 4
94 1
95 4
96 4
97 2
98 3
99 2
100 1
101 3
102 3
103 3
104 1
105 4
106 4
107 3
108 1
109 1
110 2
111 2
112 3
113 3
114 1
115 2
116 1
117 1
118 2
119 3
120 4
121 4
122 1
123 4
124 1
125 3
126 4
127 3
128 2
